# Created by text editor modification from space delimited text save of .xls file
# Randal A. Koene, 20050413
# Experimental data of development in culture, provided by Ger Ramakers
# columns are:
# 1. age (days)
# 2. number of observations
# 3. mean
# 4. standard deviation
# 5. standard error
# 6. lower bound of 95% confidence interval for mean
# 7. upper bound of 95% confidence interval for mean
# 8. minimum
# 9. maximum
# name: total_axon_length
# type: matrix
# rows: 10
# columns: 9
                                   1            43         74.84         52.56           8.02          58.66            91.01         16.26        243.14
                                   2            36        211.07        137.04          22.84         164.70           257.44         34.37        595.29
                                   3            30        420.77        357.62          65.29         287.23           554.31         30.82       1559.80
                                   4             2       1197.58        320.23         226.44       -1679.60          4074.76        971.14       1424.02
                                   5            17       1172.46        938.51         227.62         689.92          1654.99        218.59       3245.63
                                   7            16       3606.04       1420.81         355.20        2848.94          4363.14        973.15       5935.67
                                   9             4       7667.53       1671.43         835.72        5007.91         10327.15       6592.72      10142.49
                                  11             2      13067.58       1061.35         750.49        3531.75         22603.40      12317.09      13818.06
                                  14             3       8720.52       6218.75        3590.40       -6727.71         24168.76       2978.98      15326.12
                                  21             2      24773.62       6838.20        4835.34      -36665.16         86212.40      19938.28      29608.96
# name: branch_points_per_axon
# type: matrix
# rows: 10
# columns: 9
                                   1            43          2.88          2.41           0.37           2.14             3.63          0.00          9.00
                                   2            36          8.47          7.01           1.17           6.10            10.84          0.00         32.00
                                   3            30         20.50         20.34           3.71          12.90            28.10          1.00        100.00
                                   4             2         42.00          8.49           6.00         -34.24           118.24         36.00         48.00
                                   5            17         23.24         20.57           4.99          12.66            33.81          3.00         88.00
                                   7            16         28.50         13.19           3.30          21.47            35.53         10.00         49.00
                                   9             4         37.25         13.89           6.94          15.15            59.35         17.00         48.00
                                  11             2         39.50         17.68          12.50        -119.33           198.33         27.00         52.00
                                  14             3         74.33         37.90          21.88         -19.81           168.48         40.00        115.00
                                  21             2        106.50         30.41          21.50        -166.68           379.68         85.00        128.00
# name: terminal_segments_per_axon
# type: matrix
# rows: 10
# columns: 9
                                   1            43          4.00          2.57           0.39           3.21             4.79          1.00         10.00
                                   2            36          9.97          7.78           1.30           7.34            12.60          1.00         38.00
                                   3            30         22.60         21.43           3.91          14.60            30.60          2.00        106.00
                                   4             2         44.50          9.19           6.50         -38.09           127.09         38.00         51.00
                                   5            17         25.18         22.33           5.42          13.70            36.66          4.00         97.00
                                   7            16         30.25         13.53           3.38          23.04            37.46         12.00         51.00
                                   9             4         39.00         13.64           6.82          17.30            60.70         19.00         49.00
                                  11             2         42.00         16.97          12.00        -110.47           194.47         30.00         54.00
                                  14             3         76.33         38.53          22.24         -19.37           172.04         42.00        118.00
                                  21             2        110.50         30.41          21.50        -162.68           383.68         89.00        132.00
# name: axons_mean_terminal_segment_length
# type: matrix
# rows: 10
# columns: 9
                                   1            43         15.70         14.75           2.25          11.16            20.24          2.35         82.39
                                   2            36         12.25          8.75           1.46           9.29            15.21          3.90         38.93
                                   3            30          9.01          6.74           1.23           6.50            11.53          1.95         32.17
                                   4             2         13.60          6.71           4.74         -46.69            73.88          8.85         18.34
                                   5            17         25.33         17.93           4.35          16.11            34.55          8.71         67.01
                                   7            16         79.63         73.22          18.30          40.62           118.65         24.58        233.60
                                   9             4         85.06         61.90          30.95         -13.43           183.55         44.99        176.63
                                  11             2        153.41         60.14          42.52        -386.90           693.72        110.88        195.93
                                  14             3         59.38         42.76          24.69         -46.84           165.60         33.56        108.73
                                  21             2         79.52         37.52          26.53        -257.55           416.59         52.99        106.05
# name: axons_mean_intermediate_segment_length
# type: matrix
# rows: 10
# columns: 9
                                   1            43          9.85         11.87           1.81           6.20            13.50          0.00         67.70
                                   2            36         17.39         18.34           3.06          11.18            23.59          0.00         78.09
                                   3            30         15.39         11.25           2.05          11.19            19.59          3.11         47.11
                                   4             2         15.51          6.62           4.68         -44.01            75.03         10.83         20.20
                                   5            17         42.84         38.12           9.24          23.24            62.44          6.40        132.57
                                   7            16         73.72         48.73          12.18          47.75            99.69         19.34        159.40
                                   9             4        174.45        150.76          75.38         -65.44           414.35         80.13        399.21
                                  11             2        194.53         62.16          43.95        -363.93           753.00        150.58        238.49
                                  14             3         61.93         46.03          26.58         -52.43           176.28         33.88        115.05
                                  21             2        169.21         96.30          68.09        -695.97          1034.39        101.12        237.30
# name: number_of_dendrites_per_neuron
# type: matrix
# rows: 10
# columns: 9
                                   1            43          6.53          3.44           0.52           5.48             7.59          1.00         15.00
                                   2            35          7.86          2.86           0.48           6.87             8.84          3.00         16.00
                                   3            30         12.83          8.12           1.48           9.80            15.87          3.00         42.00
                                   4             2         25.00         15.56          11.00        -114.77           164.77         14.00         36.00
                                   5            16         12.38          5.70           1.43           9.34            15.41          2.00         22.00
                                   7            16         14.69          5.99           1.50          11.50            17.88          8.00         28.00
                                   9             4         19.25          5.56           2.78          10.40            28.10         14.00         27.00
                                  11             2         21.00          2.83           2.00          -4.41            46.41         19.00         23.00
                                  14             4         15.25         10.53           5.27          -1.51            32.01          9.00         31.00
                                  21             3         10.33          7.09           4.10          -7.29            27.96          4.00         18.00
# name: total_dendrite_length
# type: matrix
# rows: 10
# columns: 9
                                   1           281         12.42         11.70           0.70          11.05            13.80          0.88         76.53
                                   2           275         15.63         15.98           0.96          13.74            17.53          0.64        104.15
                                   3           385         15.10         19.94           1.02          13.11            17.10          0.70        169.69
                                   4            50         15.60         19.73           2.79           9.99            21.21          0.95        100.14
                                   5           198         25.60         34.04           2.42          20.82            30.37          1.13        209.76
                                   7           260         38.34         46.81           2.90          32.62            44.05          1.73        410.94
                                   9            77         30.82         37.98           4.33          22.20            39.44          1.68        203.67
                                  11            59         49.95         63.18           8.23          33.48            66.41          2.70        301.80
                                  14            30         65.80         92.59          16.90          31.23           100.38          4.04        310.72
                                  21            22        143.57        124.34          26.51          88.44           198.69         12.96        520.76
# name: branch_points_per_dendrite
# type: matrix
# rows: 10
# columns: 9
                                   1           281          0.42          0.84           0.05           0.32             0.52          0.00          7.00
                                   2           275          0.71          1.23           0.07           0.56             0.86          0.00          7.00
                                   3           385          0.78          1.53           0.08           0.62             0.93          0.00         12.00
                                   4            50          0.36          0.85           0.12           0.12             0.60          0.00          4.00
                                   5           198          0.63          1.20           0.09           0.46             0.79          0.00          7.00
                                   7           260          0.62          1.24           0.08           0.46             0.77          0.00         12.00
                                   9            77          1.21          1.98           0.23           0.76             1.66          0.00         11.00
                                  11            59          2.69          4.19           0.55           1.60             3.79          0.00         21.00
                                  14            30          1.20          1.54           0.28           0.62             1.78          0.00          6.00
                                  21            22          3.45          3.92           0.84           1.71             5.19          0.00         14.00
# name: terminal_segments_per_dendrite
# type: matrix
# rows: 10
# columns: 9
                                   1           281          1.46          0.89           0.05           1.35             1.56          1.00          8.00
                                   2           275          1.76          1.34           0.08           1.60             1.92          1.00          9.00
                                   3           385          1.84          1.67           0.09           1.68             2.01          1.00         14.00
                                   4            50          1.36          0.85           0.12           1.12             1.60          1.00          5.00
                                   5           198          1.67          1.31           0.09           1.49             1.85          1.00          8.00
                                   7           260          1.63          1.28           0.08           1.47             1.79          1.00         13.00
                                   9            77          2.25          2.05           0.23           1.78             2.71          1.00         12.00
                                  11            59          3.78          4.30           0.56           2.66             4.90          1.00         22.00
                                  14            30          2.23          1.59           0.29           1.64             2.83          1.00          7.00
                                  21            22          4.55          3.92           0.84           2.81             6.29          1.00         15.00
# name: dendrites_mean_terminal_segment_length
# type: matrix
# rows: 10
# columns: 9
                                   1           281          7.96          7.44           0.44           7.08             8.83          0.79         53.74
                                   2           275          7.71          6.36           0.38           6.96             8.47          0.64         40.45
                                   3           385          6.73          5.55           0.28           6.17             7.28          0.70         36.27
                                   4            50          9.37          5.80           0.82           7.72            11.01          0.95         31.91
                                   5           198         12.32         13.55           0.96          10.42            14.22          1.13         88.45
                                   7           260         19.35         15.44           0.96          17.46            21.23          1.55        117.07
                                   9            77         11.80          8.78           1.00           9.80            13.79          1.11         33.02
                                  11            59          9.90          9.57           1.25           7.41            12.40          0.51         49.54
                                  14            30         18.63         13.16           2.40          13.71            23.54          4.04         55.98
                                  21            22         26.22         27.78           5.92          13.90            38.53          2.08        103.53
# name: dendrites_mean_intermediate_segment_length
# type: matrix
# rows: 10
# columns: 9
                                   1           281          1.18          2.57           0.15           0.88             1.48          0.00         20.56
                                   2           275          1.89          3.56           0.21           1.46             2.31          0.00         25.79
                                   3           385          1.64          3.39           0.17           1.31             1.98          0.00         24.00
                                   4            50          1.01          2.75           0.39           0.23             1.79          0.00         16.15
                                   5           198          2.86          6.43           0.46           1.96             3.76          0.00         35.99
                                   7           260          4.62         10.80           0.67           3.30             5.94          0.00         85.82
                                   9            77          3.04          4.89           0.56           1.93             4.15          0.00         26.93
                                  11            59          4.78          5.59           0.73           3.32             6.24          0.00         23.19
                                  14            30          6.67         14.34           2.62           1.31            12.02          0.00         69.77
                                  21            22         16.30         16.44           3.51           9.01            23.59          0.00         56.48
#                                Tota          1637          2.67          6.58           0.16           2.35             2.99          0.00         85.82
