# Created by Octave 2.1.57, Wed Sep 14 08:38:58 2005 EST <randalk@askja>
# name: Turning_Sample
# type: matrix
# rows: 2553
# columns: 4
 102011 0 0 0
 2 210.068573 0 0
 3 180 0 0
 4 187.7651672 0 0
 5 188.1802368 0 0
 6 196.330246 0 0
 7 180 0 0
 8 171.9521027 0 0
 9 183.530777 0 0
 10 178.8065186 0 0
 11 177.6627045 0 0
 12 185.8408356 0 0
 13 177.6899414 0 0
 14 195.3938599 0 0
 15 213.4551239 0 0
 16 188.1980591 0 0
 17 177.4292603 0 0
 18 182.5707397 0 0
 19 185.1944275 0 0
 20 185.1944275 0 0
 21 180 0 0
 22 185.1104126 0 0
 23 174.8895874 0 0
 24 182.5707397 0 0
 25 182.5396729 0 0
 26 174.8895874 0 0
 27 177.4081421 0 0
 28 161.4520264 0 0
 29 177.510437 0 0
 30 180 0 0
 31 174.2072296 1 217
 32 209.4221649 0 0
 33 153.0041504 0 0
 34 180.9469604 0 0
 35 184.9090576 0 0
 36 175.0909424 0 0
 37 180 0 0
 38 179.0530396 0 0
 39 185.8560181 0 0
 40 185.640564 0 0
 41 171.869873 0 0
 42 185.0424805 0 0
 43 180 0 0
 44 193.3924866 0 0
 45 193.3924866 0 0
 46 176.9123535 0 0
 47 177.4603271 0 0
 48 226.3971558 0 0
 49 155.90625 0 0
 50 182.2070618 0 0
 51 174.2893982 0 0
 52 153.434967 0 0
 53 136.8476105 0 0
 54 215.3872223 0 0
 55 187.7651672 0 0
 56 185.1944275 0 0
 57 180 0 0
 58 195.6600342 0 0
 59 183.373291 0 0
 60 169.1647339 0 0
 61 66.30265808 0 0
 62 143.4572449 0 0
 63 183.6952209 0 0
 64 172.6248627 0 0
 65 180 0 0
 66 187.3751373 0 0
 67 172.6248627 0 0
 68 177.9328918 0 0
 69 182.0671082 0 0
 70 180 0 0
 71 180 0 0
 72 180 0 0
 73 183.6799164 0 0
 74 183.6952209 0 0
 75 180 0 0
 76 178.1523895 0 0
 77 180 0 0
 79 201.3509674 1 0
 80 183.6952209 0 0
 81 168.990036 0 0
 82 165.0167999 0 0
 83 192.8356171 0 0
 84 196.8374786 0 0
 85 195.2447205 0 0
 86 168.3900757 0 0
 87 189.2726288 0 0
 88 182.3372955 0 0
 89 182.4263153 0 0
 90 191.496582 0 0
 91 185.1104126 0 0
 92 185.1944275 0 0
 93 182.6025696 0 0
 94 158.9624634 0 0
 95 124.3803711 0 0
 96 153.7497406 0 0
 97 158.0292053 0 0
 98 190.4742279 0 0
 99 183.3664703 0 0
 100 188.1300964 0 0
 101 182.5396881 0 0
 102 187.7651672 0 0
 103 182.6025696 0 0
 104 177.3974304 0 0
 105 182.6025696 0 0
 106 187.7022705 0 0
 107 185.640564 0 0
 108 180 0 0
 109 164.0545959 0 0
 102021 0 0 0
 2 182.4195099 0 0
 3 171.8699036 0 0
 4 167.0925903 0 0
 5 147.9074097 0 0
 6 183.3664551 0 0
 7 174.1439819 1 49
 8 182.4895477 0 0
 9 180 0 0
 10 169.3302155 0 0
 11 199.9933777 0 0
 12 180 0 0
 13 170.6764069 0 0
 14 174.3693237 0 0
 15 164.5931396 0 0
 16 216.2926331 0 0
 17 185.7823944 0 0
 18 170.5961304 0 0
 19 189.4038696 0 0
 20 170.5961304 0 0
 21 180 0 0
 22 182.2070618 0 0
 23 183.5620117 0 0
 24 180 0 0
 25 177.852417 0 0
 26 182.147583 0 0
 27 177.852417 0 0
 28 182.147583 0 0
 29 187.3147278 0 0
 30 158.6490173 0 0
 31 182.4263306 0 0
 32 185.8408356 0 0
 33 193.0838013 0 0
 34 170.537674 0 0
 35 178.5855713 0 0
 36 198.2518921 0 0
 37 176.3200684 0 0
 38 183.6799316 0 0
 39 183.6348114 0 0
 40 180 0 0
 41 172.6852722 0 0
 42 187.3147278 0 0
 43 180 0 0
 44 161.6753082 0 0
 45 183.6347961 0 0
 46 194.6898956 0 0
 47 176.3651886 0 0
 48 161.7481079 0 0
 49 183.5620117 0 0
 50 160.1077423 0 0
 51 174.3594513 0 0
 52 180 0 0
 53 185.6405487 0 0
 54 196.330246 0 0
 55 198.2518921 0 0
 56 142.2767334 0 0
 57 204.6010895 0 0
 58 182.0671082 0 0
 59 176.3652039 0 0
 60 185.5860138 0 0
 61 175.9816895 0 0
 62 180 0 0
 63 178.4322968 0 0
 64 180 0 0
 65 162.59729 0 0
 66 183.3664551 0 0
 67 176.6335449 0 0
 68 223.8065186 0 0
 69 175.4828949 0 0
 70 190.4742432 0 0
 71 162.328949 0 0
 72 180 0 0
 73 176.3200684 0 0
 74 170.5577393 0 0
 75 189.4422607 0 0
 76 187.3147278 0 0
 77 180 0 0
 78 176.3651886 0 0
 79 197.671051 0 0
 80 180 0 0
 81 180 0 0
 82 177.5736694 0 0
 83 144.2963257 0 0
 84 149.9314117 0 0
 85 180 0 0
 86 174.805542 0 0
 87 180 0 0
 88 228.3468018 0 0
 89 208.4126587 0 0
 90 171.8699036 0 0
 91 182.3373108 0 0
 92 180 0 0
 93 164.7552795 0 0
 94 176.3200684 0 0
 97 147.72435 0 0
 98 180 0 0
 99 172.8031921 0 0
 100 172.6248474 0 0
 101 180 0 0
 102 187.3751526 0 0
 103 161.7481079 0 0
 104 224.3318634 0 0
 105 150.2401123 0 0
 106 180 0 0
 107 193.0838013 0 0
 108 183.50354 0 0
 109 182.3373108 0 0
 110 182.4263306 0 0
 111 147.6390686 0 0
 112 198.3246918 0 0
 113 191.6099091 0 0
 114 185.7927856 0 0
 115 185.04245 0 0
 116 119.3378906 0 0
 117 214.5821533 0 0
 118 198.6179962 0 0
 119 198.2519073 0 0
 120 182.6025543 0 0
 121 180 0 0
 122 152.2414551 0 0
 123 205.1559906 0 0
 124 177.4081268 0 0
 125 149.356781 0 0
 126 185.7690735 0 0
 127 207.4660339 0 0
 128 143.1300964 0 0
 129 182.0671082 0 0
 130 183.7153015 0 0
 131 177.852417 0 0
 132 147.6390533 0 0
 133 176.6335449 0 0
 134 208.4126587 0 0
 135 198.9246368 0 0
 136 211.9929047 0 0
 137 174.8374023 0 0
 138 180 0 0
 139 153.169693 0 0
 140 183.373291 0 0
 141 170.7858887 0 0
 142 165.068573 0 0
 143 180 0 0
 144 161.5650482 0 0
 145 225 0 0
 146 208.7398071 0 0
 147 151.2601929 0 0
 148 211.8274536 0 0
 149 169.2100677 0 0
 150 164.0049438 0 0
 151 185.6273193 0 0
 152 163.5374146 0 0
 153 161.0753632 0 0
 154 189.462326 0 0
 155 208.495636 0 0
 156 171.8019409 0 0
 157 163.3239136 0 0
 158 153.7586517 0 0
 159 212.0821838 0 0
 160 168.3900909 0 0
 161 176.3651886 0 0
 162 183.6348114 0 0
 163 168.990036 0 0
 164 200.2825623 0 0
 165 184.7636414 0 0
 166 175.2363586 0 0
 167 178.8065033 0 0
 168 171.9208984 0 0
 169 172.6852722 0 0
 170 189.462326 0 0
 171 189.4623108 0 0
 172 174.1591644 0 0
 173 188.2671814 0 0
 174 147.6390686 0 0
 175 209.9346008 0 0
 176 166.8223877 0 0
 177 204.0128632 0 0
 178 146.5448914 0 0
 179 150.2401123 0 0
 180 240.6621094 0 0
 181 198.5479584 0 0
 182 167.0925903 0 0
 183 192.9074097 0 0
 184 164.0049438 0 0
 185 183.0876465 0 0
 186 156.6147766 0 0
 187 211.0875092 0 0
 188 169.2100525 0 0
 189 195.9950562 0 0
 190 137.9249878 0 0
 191 183.6348114 0 0
 192 221.0320892 0 0
 193 158.8601685 0 0
 194 177.510437 0 0
 195 171.8699036 0 0
 196 167.0925903 0 0
 197 203.5270691 0 0
 198 193.3428345 0 0
 199 187.7969971 0 0
 200 199.0332947 0 0
 201 174.2072144 0 0
 202 161.5650482 0 0
 203 172.2348328 0 0
 204 174.3726807 0 0
 205 103.3924942 0 0
 206 225 0 0
 207 159.2277527 0 0
 208 195.2447205 0 0
 209 200.4589539 0 0
 210 199.7637329 0 0
 211 180 0 0
 212 126.8698959 0 0
 213 192.9074097 0 0
 214 194.6898956 0 0
 215 176.3651886 0 0
 216 165.3101196 0 0
 217 218.2169495 0 0
 218 174.1439819 0 0
 219 201.8014069 0 0
 220 159.1455383 0 0
 221 176.626709 0 0
 222 171.9521027 0 0
 223 190.4742432 0 0
 224 151.2738647 0 0
 225 200.4589539 0 0
 226 177.7929382 0 0
 227 182.2070618 0 0
 228 170.5961304 0 0
 229 174.4724579 0 0
 230 214.6951599 0 0
 231 198.0700073 0 0
 232 180 0 0
 233 153.7998962 0 0
 234 177.5804901 0 0
 235 184.9090576 0 0
 236 180 0 0
 237 185.6405487 0 0
 238 233.4572449 0 0
 239 181.8476105 0 0
 240 181.8476105 0 0
 241 190.8767395 0 0
 242 182.207077 0 0
 243 194.1231689 0 0
 244 185.6405487 0 0
 245 187.7022858 0 0
 246 169.2100677 0 0
 247 159.7024384 0 0
 248 153.7586365 0 0
 249 204.09375 0 0
 250 188.0791168 0 0
 251 185.9571228 0 0
 252 201.8014221 0 0
 253 182.6025696 0 0
 254 177.3974304 2 1757
 255 114.2277374 0 0
 256 215.7036896 0 0
 257 183.5035248 0 0
 258 182.3373108 0 0
 259 140.7927856 0 0
 260 177.6626892 0 0
 261 195.2447357 0 0
 262 191.055069 0 0
 263 198.6179962 0 0
 264 182.4195099 0 0
 265 182.4895477 0 0
 266 180 0 0
 267 177.5104523 0 0
 268 180 0 0
 269 176.6335297 0 0
 270 175.2363739 0 0
 271 167.0925903 0 0
 272 189.4038849 0 0
 273 177.792923 0 0
 274 176.4379883 0 0
 275 180 0 0
 276 176.3652039 0 0
 277 174.4724579 0 0
 278 172.405365 0 0
 279 176.2846985 0 0
 280 180 0 0
 281 182.147583 0 0
 282 170.7273865 0 0
 283 183.50354 0 0
 284 170.7858887 0 0
 285 192.8356018 0 0
 286 209.7448883 0 0
 287 153.9703979 0 0
 288 174.870285 0 0
 289 161.1168518 0 0
 290 196.6760864 0 0
 291 189.4039001 0 0
 292 172.8031616 0 0
 293 190.8767395 0 0
 294 176.3200836 0 0
 295 180 0 0
 296 194.6898651 0 0
 297 150.0653992 0 0
 298 185.8408508 0 0
 299 185.7690735 0 0
 300 177.852417 0 0
 301 182.147583 0 0
 302 170.7273865 0 0
 303 163.7398071 0 0
 304 174.8895874 0 0
 305 174.8055725 0 0
 306 177.3974457 0 0
 307 174.8373871 0 0
 308 201.1576538 0 0
 309 188.408905 0 0
 310 184.7636414 0 0
 311 169.3803406 0 0
 312 176.8588562 0 0
 313 177.5005798 0 0
 314 174.8895874 0 0
 315 172.2030029 0 0
 316 164.1676025 0 0
 317 180 0 0
 318 222.6626892 0 0
 319 166.0771179 0 0
 320 180 0 0
 321 180 0 0
 322 180 0 0
 323 185.6405487 0 0
 324 180 0 0
 325 171.8197632 0 0
 326 194.0362549 0 0
 327 176.6335449 0 0
 328 183.3664551 0 0
 329 180 0 0
 330 174.1439819 0 0
 331 171.8197632 0 0
 332 180 0 0
 333 194.0362549 0 0
 334 174.1439819 0 0
 335 166.6571655 0 0
 336 172.2030029 0 0
 337 177.4292603 0 0
 338 185.1626129 0 0
 339 206.8302917 0 0
 340 191.6099243 0 0
 341 177.852417 0 0
 342 180 0 0
 343 193.157547 0 0
 344 183.6799316 0 0
 345 176.3200684 0 0
 346 168.9900513 0 0
 347 177.852417 0 0
 348 178.5855713 0 0
 349 161.1168518 0 0
 350 171.8019409 0 0
 351 174.8055725 0 0
 352 190.3048401 0 0
 353 196.2601929 0 0
 354 166.8274536 0 0
 355 171.8019409 0 0
 356 161.4130707 0 0
 357 150.2401123 0 0
 358 195.3938446 0 0
 359 229.5599518 0 0
 360 180 0 0
 361 168.5034485 0 0
 362 191.4965515 0 0
 363 171.0028534 0 0
 364 180.5882263 0 0
 365 100.8352509 0 0
 366 208.3668976 0 0
 367 177.9328918 0 0
 368 176.3200684 0 0
 369 183.6799316 0 0
 370 163.1625214 0 0
 371 200.47229 0 0
 372 170.8376465 0 0
 373 194.931427 0 0
 374 215.2630157 0 0
 375 188.1980591 0 0
 376 185.04245 0 0
 377 185.7927856 0 0
 378 153.1697083 0 0
 379 185.2051086 0 0
 380 174.7948914 0 0
 381 158.3748169 0 0
 382 193.9228973 0 0
 383 154.4671936 0 0
 384 208.0724792 0 0
 385 187.7651672 0 0
 386 177.3974457 0 0
 387 254.1676025 0 0
 388 188.1300964 0 0
 389 166.0771179 0 0
 390 183.3732758 0 0
 391 182.4195099 0 0
 392 180 0 0
 393 170.6764069 0 0
 394 189.3235931 0 0
 395 195.8323822 0 0
 396 169.2100677 0 0
 397 193.3925018 0 0
 398 155.7722626 0 0
 399 157.380127 0 0
 400 210.9022064 0 0
 401 121.8908005 0 0
 402 196.330246 0 0
 403 181.4144287 0 0
 404 176.3785095 0 0
 405 226.5389099 0 0
 406 174.95755 0 0
 407 171.8699036 0 0
 408 185.7105865 0 0
 409 161.3820038 0 0
 410 214.2780304 0 0
 411 185.1944275 0 0
 412 182.6025696 0 0
 413 180 0 0
 414 177.3974304 0 0
 415 169.6951447 0 0
 416 182.5396881 0 0
 417 174.3726654 0 0
 418 188.1980743 0 0
 419 195.4992676 0 0
 420 167.0925903 0 0
 421 177.4081421 0 0
 422 166.7594757 0 0
 423 201.0375214 0 0
 424 177.3974304 0 0
 425 182.6025696 0 0
 426 180 0 0
 427 174.7948608 0 0
 428 161.7481079 0 0
 429 187.4619598 0 0
 430 169.1647644 0 0
 431 180 0 0
 432 190.8352356 0 0
 433 169.1647644 0 0
 434 182.4263153 0 0
 435 231.8700104 0 0
 436 165.8768158 0 0
 437 196.330246 0 0
 438 163.669754 0 0
 439 177.4470978 0 0
 440 209.7598877 0 0
 441 176.3200684 0 0
 442 164.7552948 0 0
 443 191.6098938 0 0
 444 168.3901062 0 0
 445 189.4623108 0 0
 446 176.3785248 0 0
 447 194.9314117 0 0
 449 182.6025696 1 0
 450 198.2518921 0 0
 451 172.5380249 0 0
 452 185.04245 0 0
 453 193.8406982 0 0
 454 166.1593018 0 0
 455 166.759491 0 0
 456 193.240509 0 0
 457 195.2551117 0 0
 458 154.0751038 0 0
 459 172.2348328 0 0
 460 187.7651672 0 0
 461 180 0 0
 462 182.5396881 0 0
 463 177.4603119 0 0
 464 182.5396881 0 0
 465 177.4603119 0 0
 466 198.7998962 0 0
 467 153.4349518 0 0
 468 161.5650482 0 0
 469 193.2405243 0 0
 470 209.4221649 0 0
 471 182.3373108 0 0
 472 181.1934967 0 0
 473 157.4358826 0 0
 474 185.1104126 0 0
 475 183.0876465 0 0
 476 171.8019409 0 0
 477 190.7509613 0 0
 478 190.6196594 0 0
 479 177.6626892 0 0
 480 174.2072144 0 0
 481 177.510437 0 0
 482 164.0545959 0 0
 483 180 0 0
 484 190.3048401 0 0
 485 185.6405487 0 0
 486 180 0 0
 487 207.2070007 0 0
 488 152.7929993 0 0
 489 158.8601685 0 0
 490 187.7969971 0 0
 491 172.2030029 0 0
 492 182.5918732 0 0
 493 182.6025543 0 0
 494 190.3048401 0 0
 495 185.6405487 0 0
 496 199.8922577 0 0
 497 204.0937805 0 0
 498 163.2209625 0 0
 499 183.6952209 0 0
 500 163.2209778 0 0
 501 180 0 0
 502 180 0 0
 503 155.1258545 0 0
 504 185.1104126 0 0
 505 174.8895874 0 0
 506 204.8741455 0 0
 507 180 0 0
 508 180 0 0
 509 180 0 0
 510 160.2362671 0 0
 511 174.8895874 0 0
 512 193.240509 0 0
 513 180 0 0
 514 158.9624939 0 0
 515 182.6025543 0 0
 516 167.1957397 0 0
 517 182.4994202 0 0
 518 187.702301 0 0
 519 177.4081268 0 0
 520 166.7594757 0 0
 521 158.9624939 0 0
 522 180 0 0
 523 180 0 0
 524 189.4038696 0 0
 525 189.2141113 0 0
 526 176.626709 0 0
 527 193.9228973 0 0
 528 203.6973419 0 0
 529 213.4551086 0 0
 530 193.0838165 0 0
 531 215.2630157 0 0
 532 180 0 0
 533 167.04039 0 0
 534 174.3726654 0 0
 535 190.7899323 0 0
 536 174.8374023 0 0
 537 174.3726654 0 0
 538 188.1980743 0 0
 539 160.9666901 0 0
 540 174.1591644 0 0
 541 194.1231689 0 0
 542 174.1439819 0 0
 543 180 0 0
 544 180.9469604 0 0
 545 230.9230499 0 0
 546 182.2070618 0 0
 547 119.9658051 0 0
 548 215.5237122 0 0
 549 196.4625854 0 0
 550 169.1647491 0 0
 552 166.759491 2 0
 553 169.6111298 0 0
 554 171.8019257 0 0
 555 174.95755 0 0
 556 180 0 0
 557 185.04245 0 0
 558 171.5910797 0 0
 559 177.5736847 0 0
 560 164.7552795 0 0
 561 183.6347961 0 0
 562 165.3101349 0 0
 563 180 0 0
 564 158.9624786 0 0
 565 191.6336365 0 0
 566 189.4039001 0 0
 567 187.3751373 0 0
 568 183.6799316 0 0
 569 183.6347961 0 0
 570 188.0791168 0 0
 102031 0 0 0
 2 193.2405396 0 0
 3 209.4221802 0 0
 4 182.3373108 0 0
 5 183.50354 0 0
 6 155.1258392 0 0
 7 182.5707397 0 0
 8 167.0404053 1 56
 9 128.884491 0 0
 10 208.5513916 0 0
 11 174.0684814 0 0
 12 218.884491 0 0
 13 204.8741608 0 0
 14 157.696579 0 0
 15 228.5447693 0 0
 16 174.2176056 0 0
 17 150.3269196 0 0
 18 205.9931641 0 0
 19 170.5577393 0 0
 20 155.3989105 0 0
 21 148.7607727 0 0
 22 237.9074097 0 0
 23 183.6799316 0 0
 24 163.4126587 0 0
 25 180 0 0
 26 145.6697693 0 0
 27 169.3302002 0 0
 28 176.6335449 0 0
 29 141.8699951 0 0
 30 196.7790527 0 0
 31 198.9246216 0 0
 32 217.6202393 0 0
 33 194.3660431 0 0
 34 173.0959167 0 0
 35 164.3399658 0 0
 36 156.3706055 0 0
 37 193.2405396 0 0
 38 134.6668701 0 0
 39 193.1221924 0 0
 40 201.4599609 0 0
 41 162.2553406 2 287
 42 159.52771 0 0
 43 209.9346008 0 0
 44 180 0 0
 45 144.2963257 0 0
 46 180 0 0
 47 183.6214905 0 0
 48 167.1643982 0 0
 49 180.9469604 0 0
 50 194.0362244 0 0
 51 187.3147583 0 0
 52 187.3751526 0 0
 53 197.6710205 0 0
 54 183.3664551 0 0
 55 185.6307068 0 0
 56 174.3692932 0 0
 57 176.6335449 0 0
 58 171.7328491 0 0
 59 180 0 0
 60 180 0 0
 61 170.5961304 0 0
 62 197.6710205 0 0
 63 171.7328491 0 0
 64 183.5035095 0 0
 65 185.7106018 0 0
 66 184.9090576 0 0
 67 143.350769 0 0
 68 182.0670776 0 0
 69 183.6799622 0 0
 70 183.6952209 0 0
 71 183.6799316 0 0
 72 183.6347656 0 0
 73 185.769104 0 0
 74 174.230896 0 0
 75 191.6099243 0 0
 76 164.7553101 0 0
 77 183.6347656 0 0
 78 182.1476135 0 0
 79 200.2975769 0 0
 80 177.4470825 0 0
 81 180 0 0
 82 162.2553406 0 0
 83 170.5376892 0 0
 84 180 0 0
 85 149.0977783 0 0
 86 164.0545959 0 0
 87 152.2414551 0 0
 88 155.1639099 0 0
 89 210.7932129 0 0
 90 177.5736847 0 0
 91 199.0333099 0 0
 92 182.5918884 0 0
 93 206.8302917 0 0
 94 174.2072144 0 0
 95 185.7927856 0 0
 96 180 0 0
 97 180 0 0
 98 180 0 0
 99 169.1647339 0 0
 100 190.8352661 0 0
 101 169.1647339 0 0
 102 176.9123535 0 0
 103 190.5496216 0 0
 104 169.4503784 0 0
 105 214.6951599 0 0
 106 148.3924866 0 0
 107 190.8352661 0 0
 108 200.7722473 0 0
 109 180 0 0
 110 178.1524048 0 0
 111 187.3751526 0 0
 112 172.6248474 0 0
 113 194.5719604 0 0
 114 143.1300964 0 0
 115 161.7481079 0 0
 116 240.8323669 0 0
 117 161.5650635 0 0
 118 174.4724426 0 0
 119 185.5275574 0 0
 120 180 0 0
 121 170.8376465 0 0
 122 171.9208984 0 0
 123 174.0428772 0 0
 124 176.6335449 0 0
 125 166.7594604 0 0
 126 167.0404053 0 0
 127 185.1626282 0 0
 128 180 0 0
 129 172.297699 0 0
 130 160.2362823 0 0
 131 185.8408203 0 0
 132 188.2823334 0 0
 133 162.2553253 0 0
 134 170.5376892 0 0
 135 180 0 0
 136 204.7174225 0 0
 137 171.8699341 0 0
 138 146.6336212 0 0
 139 171.7328339 0 0
 140 174.1439819 0 0
 141 169.2490387 0 0
 142 182.5707245 0 0
 143 158.8423309 0 0
 144 166.8274536 0 0
 145 182.3373108 0 0
 146 204.2277374 0 0
 147 182.6025696 0 0
 148 187.7022705 0 0
 149 188.1301117 0 0
 150 169.3302155 0 0
 151 194.0362549 0 0
 152 182.4263306 0 0
 153 166.0770874 0 0
 154 164.5007324 0 0
 155 182.5918579 0 0
 156 180 0 0
 157 190.3677368 0 0
 158 199.9933624 0 0
 159 226.2960663 0 0
 160 177.510437 0 0
 161 190.6697998 0 0
 162 180 0 0
 163 163.5374298 0 0
 164 193.9228973 0 0
 165 187.702301 0 0
 166 154.8439941 0 0
 167 171.9208832 0 0
 168 172.6852722 0 0
 169 180 0 0
 170 176.3047791 0 0
 171 176.3200684 0 0
 172 153.9200439 0 0
 173 171.8019409 0 0
 174 182.5707245 0 0
 175 193.0892792 0 0
 176 180 0 0
 177 177.5805054 0 0
 178 215.7273865 0 0
 179 168.9900513 0 0
 180 181.8476105 0 0
 181 178.1523895 0 0
 182 202.619873 0 0
 183 201.6251984 0 0
 184 180 0 0
 185 152.5339813 0 0
 186 159.5410156 0 0
 187 183.6799316 0 0
 188 176.3200684 0 0
 189 187.3751526 0 0
 190 170.5577545 0 0
 191 155.9871368 0 0
 192 150.6620941 0 0
 193 188.1802368 0 0
 194 182.5707397 0 0
 195 206.0488739 0 0
 196 194.9832001 0 0
 197 194.6898956 0 0
 198 189.4039001 0 0
 199 177.7929077 0 0
 200 204.5104828 0 0
 201 185.1626282 0 0
 202 156.0375061 0 0
 203 172.8749542 0 0
 204 177.852417 0 0
 205 185.769104 0 0
 206 243.7586212 0 0
 207 182.147583 0 0
 208 189.1623535 0 0
 209 162.7585449 0 0
 210 149.638916 0 0
 211 161.7480774 0 0
 212 179.0530396 0 0
 214 162.001297 1 0
 215 168.5765228 0 0
 216 182.4263306 0 0
 217 174.0428619 0 0
 218 189.3235931 0 0
 219 190.6697845 0 0
 220 185.1626129 0 0
 221 187.7969971 0 0
 222 161.4130707 0 0
 223 169.1647491 0 0
 224 174.1591644 0 0
 225 236.6336365 0 0
 226 189.2726135 0 0
 227 165.9637451 0 0
 228 171.0028534 0 0
 229 172.3901672 0 0
 230 185.1104126 0 0
 231 196.2601929 0 0
 232 185.7106018 0 0
 233 192.7243652 0 0
 234 189.1623383 0 0
 235 180 0 0
 236 176.3652039 0 0
 237 189.4038849 0 0
 238 188.2671509 0 0
 239 180 0 0
 240 188.4089203 0 0
 241 185.6273346 0 0
 242 177.4603119 0 0
 243 169.4503937 0 0
 244 180 0 0
 245 173.0959167 0 0
 246 177.6899719 0 0
 247 180 0 0
 248 182.3100281 0 0
 249 183.5308075 0 0
 250 199.0333099 0 0
 251 187.7969971 0 0
 252 158.9624786 0 0
 253 158.9624939 0 0
 254 180 0 0
 255 180 0 0
 256 185.7823944 0 0
 257 192.8356018 0 0
 258 179.0530396 0 0
 259 177.5736847 0 0
 260 180 0 0
 261 168.3900757 0 0
 262 188.0791168 0 0
 263 174.0684814 0 0
 264 180 0 0
 265 172.2663879 0 0
 266 191.3551025 0 0
 267 180 0 0
 268 127.8337326 0 0
 269 182.5396881 0 0
 270 287.4536743 0 0
 271 144.4763031 0 0
 272 169.3302155 0 0
 273 170.6764069 0 0
 274 174.0684814 0 0
 275 183.6214905 0 0
 276 170.5961151 0 0
 277 180 0 0
 278 182.0670929 0 0
 279 181.5677032 0 0
 280 165.3101349 0 0
 281 187.3751373 0 0
 283 166.9107056 2 0
 284 168.5788269 0 0
 285 190.4742126 0 0
 286 177.5736694 0 0
 287 177.6626892 0 0
 288 176.4964905 0 0
 289 196.6760864 0 0
 290 185.6273193 0 0
 291 187.7651672 0 0
 292 182.6025696 0 0
 293 180 0 0
 294 164.5931396 0 0
 295 179.4117737 0 0
 296 185.6273193 0 0
 297 190.3677368 0 0
 298 205.1559753 0 0
 299 185.9315186 0 0
 300 180 0 0
 301 185.7823944 0 0
 302 174.2176056 0 0
 303 176.3785095 0 0
 304 174.1591644 0 0
 305 177.5736694 0 0
 306 182.4263306 0 0
 307 153.1696777 0 0
 308 180 0 0
 309 174.8374023 0 0
 310 182.5707397 0 0
 311 180 0 0
 312 235.7219849 0 0
 313 180 0 0
 314 168.9449158 0 0
 315 124.5821533 0 0
 316 310.1731567 0 0
 317 158.3748169 0 0
 318 153.169693 0 0
 319 140.7927856 0 0
 320 200.2825623 0 0
 321 149.0977783 0 0
 322 196.330246 0 0
 323 190.8767395 0 0
 324 155.2825623 0 0
 325 188.1300964 0 0
 326 180 0 0
 327 143.1300964 0 0
 328 216.8699036 0 0
 329 177.6626892 0 0
 330 163.5374146 0 0
 331 167.0404053 0 0
 332 248.6293945 0 0
 333 180 0 0
 334 163.4126587 0 0
 335 165.4280396 0 0
 336 200.3190002 0 0
 337 181.5677032 0 0
 103021 0 0 0
 339 188.408905 0 0
 340 177.4470978 0 0
 341 168.1868591 1 28
 342 117.7585449 0 0
 343 225 0 0
 344 189.1623535 0 0
 345 109.8922424 0 0
 346 209.3378906 0 0
 347 211.6074982 2 70
 348 159.2277527 0 0
 349 163.5374146 0 0
 350 190.6697845 0 0
 351 195.255127 0 0
 352 178.5855713 0 0
 353 181.4144287 0 0
 354 193.157547 0 0
 355 196.5873413 0 0
 356 159.7174377 0 0
 357 180 0 0
 358 200.2825623 0 0
 359 188.1300964 0 0
 360 185.04245 0 0
 361 174.95755 0 0
 362 180 0 0
 363 180 0 0
 364 174.2072144 0 0
 365 177.6626892 0 0
 366 163.4126587 0 0
 367 176.3047791 0 0
 368 147.1524658 0 0
 369 177.4603271 0 0
 370 180 0 0
 371 177.4292603 0 0
 372 153.0041504 0 0
 373 191.496582 0 0
 374 180 0 0
 375 214.5325928 0 0
 376 188.0478973 0 0
 377 187.1968079 0 0
 378 180 0 0
 379 180 0 0
 380 177.9328918 0 0
 381 229.9920959 0 0
 382 180 0 0
 383 174.8373871 0 0
 384 151.9275208 0 0
 385 155.9062347 0 0
 386 189.4038696 0 0
 387 176.3652039 0 0
 388 176.4379883 0 0
 389 183.5620117 0 0
 390 168.3900909 0 0
 391 185.8408356 0 0
 392 183.6214905 0 0
 393 167.1643982 0 0
 394 177.5804901 0 0
 395 189.3235931 0 0
 396 199.0890808 0 0
 397 183.6799316 0 0
 398 187.1968079 0 0
 399 178.5855865 0 0
 400 177.852417 0 0
 401 180 0 0
 402 165.3101044 0 0
 403 183.6799316 0 0
 404 183.6952209 0 0
 405 183.6799316 0 0
 406 182.0671082 0 0
 407 180 0 0
 408 187.3367767 0 0
 409 180 0 0
 410 176.3785095 0 0
 411 166.842453 0 0
 412 187.3751526 0 0
 413 172.6248474 0 0
 414 176.3200684 0 0
 415 193.1221924 0 0
 416 193.1776123 0 0
 417 174.1591644 0 0
 418 177.7929382 0 0
 419 188.0478973 0 0
 420 177.6626892 0 0
 421 180 0 0
 422 182.3373108 0 0
 423 185.7927856 0 0
 424 182.489563 0 0
 425 182.5529022 0 0
 426 240.2401123 0 0
 427 193.0838165 0 0
 428 174.2309113 0 0
 429 172.6852722 0 0
 430 180 0 0
 431 176.3047791 0 0
 432 193.157547 0 0
 433 183.6214905 0 0
 434 191.6336212 0 0
 435 188.1300964 0 0
 436 182.5396881 0 0
 437 169.3302155 0 0
 438 177.5804901 0 0
 439 180 0 0
 440 176.6267242 0 0
 441 144.2963257 0 0
 442 183.6214905 0 0
 443 174.0684814 0 0
 444 202.7689972 0 0
 445 180 0 0
 446 201.0375061 0 0
 447 185.04245 0 0
 448 129.95755 0 0
 449 166.8274536 0 0
 450 179.4117737 0 0
 451 206.6682129 0 0
 452 208.7261047 0 0
 453 158.6490326 0 0
 454 176.3047791 0 0
 455 170.537674 0 0
 456 178.5855713 0 0
 457 171.9520874 0 0
 458 168.5765228 0 0
 459 188.0502014 0 0
 460 183.3732758 0 0
 461 176.6267242 0 0
 462 180 0 0
 463 202.2979279 0 0
 464 170.537674 0 0
 465 168.1113434 0 0
 466 142.2532043 0 0
 467 169.3803406 0 0
 468 176.49646 0 0
 469 166.9161987 0 0
 470 172.6248474 0 0
 471 185.5275421 0 0
 472 181.8476105 0 0
 473 183.6799316 0 0
 474 168.9449158 0 0
 475 156.4729309 0 0
 476 153.7497559 0 0
 477 180 0 0
 478 160.2362671 0 0
 479 191.633606 0 0
 480 180 0 0
 481 185.0424805 0 0
 482 174.9575195 0 0
 483 208.7398071 0 0
 484 124.6951599 0 0
 486 185.04245 1 0
 487 177.510437 0 0
 488 177.4470978 0 0
 489 182.5529022 0 0
 490 188.2823486 0 0
 491 198.9246521 0 0
 492 157.7020721 0 0
 493 177.5804901 0 0
 494 180 0 0
 495 180 0 0
 496 197.40271 0 0
 497 176.4379883 0 0
 498 181.4144287 0 0
 499 176.3785095 0 0
 500 180 0 0
 501 185.7690735 0 0
 502 177.852417 0 0
 503 189.462326 0 0
 504 176.3200836 0 0
 505 183.6799164 0 0
 506 183.6952209 0 0
 507 180 0 0
 508 154.9537964 0 0
 509 185.9571381 0 0
 510 176.4691925 0 0
 511 153.1697083 0 0
 512 177.4081268 0 0
 513 174.8895874 0 0
 514 180 0 0
 515 185.1104126 0 0
 516 182.5918732 0 0
 517 180 0 0
 518 182.6025543 0 0
 519 155.7722473 0 0
 520 196.4625854 0 0
 521 174.3726807 0 0
 522 174.95755 0 0
 523 190.6697845 0 0
 524 185.1626129 0 0
 525 169.2100525 0 0
 526 180 0 0
 527 169.1647491 0 0
 528 174.1591644 0 0
 529 185.8408356 0 0
 530 190.8352509 0 0
 531 180 0 0
 532 180.5882263 0 0
 533 182.4994202 0 0
 534 174.3594513 0 0
 535 183.1411285 0 0
 536 195.4068298 0 0
 537 177.3974304 0 0
 538 180 0 0
 539 180 0 0
 540 185.1944275 0 0
 541 188.1980591 0 0
 542 174.3726654 0 0
 543 211.7073059 0 0
 544 180 0 0
 545 170.5960999 0 0
 546 189.4039001 0 0
 547 208.7261047 0 0
 548 185.8560181 0 0
 549 168.1868591 0 0
 550 175.4828949 0 0
 551 172.8031921 0 0
 552 185.7823944 0 0
 553 185.9315186 0 0
 554 191.8131409 0 0
 555 136.0139771 0 0
 556 183.6214905 0 0
 557 196.8374786 0 0
 558 192.9074097 0 0
 559 176.4964752 0 0
 560 180 0 0
 561 180 0 0
 562 170.5961151 0 0
 563 187.1968079 0 0
 564 182.207077 0 0
 565 180 0 0
 566 183.5035248 0 0
 567 198.799881 0 0
 568 177.4603119 0 0
 569 182.5396881 0 0
 570 182.5707397 0 0
 571 182.5918579 0 0
 572 180 0 0
 573 187.7970123 0 0
 574 174.8055573 0 0
 575 200.8544464 0 0
 576 189.2141418 0 0
 577 200.4589539 0 0
 578 183.6347961 0 0
 579 194.0362396 0 0
 580 183.3664551 0 0
 581 185.0424805 0 0
 582 161.1168365 0 0
 583 185.7106171 0 0
 584 180 0 0
 585 170.7273712 0 0
 586 165.3101196 0 0
 588 193.1221924 2 0
 589 207.1005249 0 0
 590 176.9123535 0 0
 591 171.5910645 0 0
 592 246.8014221 0 0
 593 102.7243652 0 0
 594 248.1132813 0 0
 595 194.6898804 0 0
 596 176.3200684 0 0
 597 108.9246216 0 0
 598 226.0291748 0 0
 599 180 0 0
 600 240.4334259 0 0
 601 180 0 0
 602 166.9107056 0 0
 603 121.1593094 0 0
 604 133.8574829 0 0
 605 172.6853027 0 0
 606 294.7174072 0 0
 607 162.5973053 0 0
 608 182.147583 0 0
 609 170.537674 0 0
 610 172.6248474 0 0
 611 132.7623901 0 0
 612 180 0 0
 613 182.5707397 0 0
 614 201.1398315 0 0
 615 169.2490387 0 0
 616 199.0333099 0 0
 617 153.1696777 0 0
 618 172.2977295 0 0
 619 223.9949036 0 0
 620 196.8374786 0 0
 621 168.9449158 0 0
 622 176.3652039 0 0
 623 168.3900909 0 0
 624 191.6099091 0 0
 625 165.0167999 0 0
 626 189.2141266 0 0
 627 182.2070618 0 0
 628 177.7929382 0 0
 629 187.3367767 0 0
 630 182.0671082 0 0
 631 180 0 0
 632 176.3652039 0 0
 633 180 0 0
 634 183.6347961 0 0
 635 185.5275421 0 0
 636 116.565033 0 0
 637 254.7449036 0 0
 638 137.0825653 0 0
 639 217.1350403 0 0
 640 183.6348114 0 0
 641 95.76907349 0 0
 642 220.3734131 0 0
 643 199.7637329 0 0
 644 168.3663635 0 0
 645 189.3235931 0 0
 646 195.3938446 0 0
 647 155.2825623 0 0
 648 164.1676178 0 0
 649 177.3974304 0 0
 650 190.3048401 0 0
 651 177.4603271 0 0
 652 196.4625854 0 0
 653 163.5374146 0 0
 654 174.8374023 0 0
 655 193.3428345 0 0
 656 174.3594513 0 0
 657 196.2602081 0 0
 658 132.5804749 0 0
 659 200.8544617 0 0
 660 149.931427 0 0
 661 212.6711426 0 0
 662 174.7948608 0 0
 663 259.210083 0 0
 664 116.1967621 0 0
 665 193.760788 0 0
 666 169.3803406 0 0
 667 199.8922577 0 0
 668 138.967926 0 0
 669 172.3901672 0 0
 670 182.4994202 0 0
 671 176.9123535 0 0
 672 183.0876465 0 0
 673 182.5396729 0 0
 674 177.4603271 0 0
 675 166.0770874 0 0
 676 182.4263306 0 0
 677 180 0 0
 678 183.3664551 0 0
 679 206.2001343 0 0
 680 193.0892944 0 0
 681 246.542984 0 0
 682 190.3677063 0 0
 683 180 0 0
 684 182.5396881 0 0
 685 133.8574982 0 0
 686 165.3101044 0 0
 687 203.9624939 0 0
 688 198.799881 0 0
 689 165.9637604 0 0
 690 168.1113434 0 0
 691 197.7446594 0 0
 692 190.7509766 0 0
 693 134.6668854 0 0
 694 183.6799316 0 0
 695 208.4126587 0 0
 696 180 0 0
 697 188.1300964 0 0
 698 171.8699036 0 0
 699 188.1300964 0 0
 700 182.5396729 0 0
 701 171.8197632 0 0
 702 175.0909424 0 0
 703 168.5788116 0 0
 704 182.2070618 0 0
 705 194.1231842 0 0
 706 183.1411285 0 0
 707 192.8042603 0 0
 708 185.1944275 0 0
 709 84.80556488 0 0
 710 210.0685883 0 0
 711 215.7036743 0 0
 712 174.1591644 0 0
 713 138.5035248 0 0
 714 183.3664551 0 0
 715 165.9637604 0 0
 716 190.6697845 0 0
 717 180 0 0
 718 212.0925903 0 0
 719 180 0 0
 720 174.4724579 0 0
 721 180 0 0
 722 181.8476105 0 0
 723 196.5873413 0 0
 724 185.7105865 0 0
 725 187.4619751 0 0
 103031 0 0 0
 727 180 0 0
 728 196.8374634 0 0
 729 177.852417 0 0
 730 147.6390839 0 0
 731 171.5910797 0 0
 732 206.0799561 0 0
 733 240.8323822 0 0
 734 188.130127 1 63
 735 193.8406677 0 0
 736 171.9521179 0 0
 737 206.2998047 0 0
 738 176.3200684 0 0
 739 183.6799316 0 0
 740 176.3200684 0 0
 741 176.3047791 0 0
 742 200.2825317 0 0
 743 176.4964905 0 0
 744 163.2209778 0 0
 745 191.0099182 0 0
 746 205.5328369 0 0
 747 163.7397766 0 0
 748 172.875 0 0
 749 205.9248962 0 0
 750 185.1625977 0 0
 751 174.8374023 0 0
 752 177.4603271 0 0
 753 185.1104126 0 0
 754 174.8895874 0 0
 755 171.869873 0 0
 756 177.5805054 0 0
 757 195.6600342 0 0
 758 169.2490234 0 0
 759 168.1868591 0 0
 760 183.5307922 0 0
 761 182.4263306 0 0
 762 188.4089355 0 0
 763 195.9950562 0 0
 764 195.8323822 0 0
 765 188.1300964 0 0
 766 185.7106018 0 0
 767 150.3269196 0 0
 768 177.3974304 0 0
 769 182.6025696 0 0
 770 185.1625977 0 0
 771 194.0362396 0 0
 772 182.4263306 0 0
 773 122.0821838 0 0
 774 195.2550964 0 0
 775 176.6335449 0 0
 776 204.4039917 0 0
 777 150.8323669 0 0
 778 185.7106018 0 0
 779 184.9090576 0 0
 780 165.8768311 0 0
 781 172.663208 0 0
 782 174.2529907 0 0
 783 193.0838013 0 0
 784 180 0 0
 785 228.5035095 0 0
 786 166.7594757 0 0
 787 190.7509613 0 0
 788 153.7497559 0 0
 789 185.1104126 0 0
 790 155.1258545 0 0
 791 166.9161987 0 0
 792 193.0838013 0 0
 793 182.3100281 0 0
 794 226.1934814 0 0
 795 161.5650482 0 0
 796 195.9453888 0 0
 797 171.8197632 0 0
 798 219.0824432 0 0
 799 163.2209778 0 0
 800 176.49646 0 0
 801 183.50354 0 0
 802 196.7790222 0 0
 803 172.6248474 0 0
 804 148.2927094 0 0
 805 198.799881 0 0
 806 192.9074097 0 0
 807 161.3820038 0 0
 808 169.4503937 0 0
 809 193.9228973 0 0
 810 177.5736694 0 0
 811 188.2671814 0 0
 812 180 0 0
 813 174.1591644 0 0
 814 182.3373108 0 0
 815 175.2363586 0 0
 816 171.591095 0 0
 817 187.4619598 0 0
 818 180.9469452 0 0
 819 180 0 0
 820 185.9571381 0 0
 821 215.6764069 0 0
 822 146.6336365 0 0
 823 180 0 0
 824 176.49646 0 0
 825 131.6335144 0 0
 826 188.9971619 0 0
 827 190.2016907 0 0
 828 195.9950562 0 0
 829 174.3726654 0 0
 830 185.6273346 0 0
 831 169.2100677 0 0
 832 174.7948608 0 0
 833 169.210083 0 0
 834 180 0 0
 835 177.4470825 0 0
 836 180 0 0
 837 182.5529175 0 0
 838 163.3239136 0 0
 839 185.8408203 0 0
 840 188.2823486 0 0
 841 185.640564 0 0
 842 192.9074097 0 0
 843 190.7899323 0 0
 844 196.6760864 0 0
 845 176.49646 0 0
 846 213.3663635 0 0
 847 256.9161987 0 0
 848 127.957962 0 0
 849 185.1944275 0 0
 850 182.6025696 0 0
 851 180 0 0
 852 180 0 0
 853 177.3974304 0 0
 854 182.6025696 0 0
 855 180 0 0
 856 177.3974304 0 0
 857 190.3048401 0 0
 858 174.8895874 0 0
 859 172.2030029 0 0
 860 180 0 0
 861 192.9074097 0 0
 862 172.2977142 0 0
 863 177.3974304 0 0
 864 180 0 0
 865 180 0 0
 866 172.2348328 0 0
 867 182.5707397 0 0
 868 171.8019409 0 0
 869 185.6273193 0 0
 870 185.1626129 0 0
 871 201.0375061 0 0
 872 191.6336365 0 0
 873 171.7328186 0 0
 874 176.6335449 0 0
 875 177.510437 0 0
 876 177.4470978 0 0
 877 169.2100677 0 0
 878 177.3974304 0 0
 879 180 0 0
 880 182.6025696 0 0
 881 199.1988525 0 0
 882 182.4263306 0 0
 883 180 0 0
 884 180 0 0
 885 180 0 0
 886 183.5308075 0 0
 887 165.6339417 0 0
 888 176.9123535 2 1141
 889 174.8895874 0 0
 890 177.4081268 0 0
 891 177.3974304 0 0
 892 180 0 0
 893 182.6025696 0 0
 894 185.1625977 0 0
 895 134.829483 0 0
 896 157.473938 0 0
 897 218.1300049 0 0
 898 191.4965515 0 0
 899 180 0 0
 900 174.3594513 0 0
 901 180 0 0
 902 175.0909424 0 0
 903 180 0 0
 904 168.5788116 0 0
 905 190.4742432 0 0
 906 180 0 0
 907 165.9637604 0 0
 908 185.7690735 0 0
 909 176.3785095 0 0
 910 177.852417 0 0
 911 183.5620117 0 0
 912 191.4211884 0 0
 913 179.0530548 0 0
 914 183.3664551 0 0
 915 116.200119 0 0
 916 194.0362396 0 0
 917 190.4742432 0 0
 918 189.1480255 0 0
 919 192.738678 0 0
 920 168.990036 0 0
 921 187.3751526 0 0
 922 180 0 0
 923 192.9074097 0 0
 924 167.0925903 0 0
 925 161.7481079 0 0
 927 169.2490234 1 0
 928 171.7176666 0 0
 929 180 0 0
 930 174.1591797 0 0
 931 189.2140961 0 0
 932 179.0530396 0 0
 933 188.9971619 0 0
 934 171.9497986 0 0
 935 187.4619751 0 0
 936 171.5910645 0 0
 937 185.8560181 0 0
 938 165.8768463 0 0
 939 163.2209473 0 0
 940 170.537674 0 0
 941 196.8374786 0 0
 942 172.6248474 0 0
 943 193.1575317 0 0
 944 197.7446747 0 0
 945 180 0 0
 946 182.5529175 0 0
 947 180 0 0
 948 188.1980591 0 0
 949 180 0 0
 950 187.7969971 0 0
 951 177.3974304 0 0
 952 187.7651672 0 0
 953 190.6697998 0 0
 954 182.4194946 0 0
 955 180.9469604 0 0
 956 180 0 0
 957 227.3441162 0 0
 958 140.9230347 0 0
 959 174.1591797 0 0
 960 180 0 0
 961 163.5374146 0 0
 962 167.0404053 0 0
 963 164.3399658 0 0
 964 195.6600342 0 0
 965 145.7219696 0 0
 966 183.6347961 0 0
 967 185.769104 0 0
 968 194.1231537 0 0
 969 182.5529175 0 0
 970 177.4470825 0 0
 971 190.7509766 0 0
 972 182.5918884 0 0
 973 185.2051086 0 0
 974 187.7022705 0 0
 975 231.936615 0 0
 976 180 0 0
 977 194.9542847 0 0
 978 171.9497986 0 0
 979 180 0 0
 980 176.626709 0 0
 981 168.3900757 0 0
 982 221.0321045 0 0
 983 199.0333099 0 0
 984 171.7176514 0 0
 985 166.6571655 0 0
 986 180 0 0
 987 164.0049438 0 0
 988 174.9575195 0 0
 989 162.59729 0 0
 990 205.5328369 0 0
 991 198.0700073 0 0
 992 222.7623749 0 0
 993 147.9074097 0 0
 994 197.40271 0 0
 995 174.2309265 0 0
 996 99.40386963 0 0
 997 200.4589844 0 0
 998 194.1231689 0 0
 999 177.510437 0 0
 1000 180 0 0
 1001 164.7449036 0 0
 1002 166.8424683 0 0
 1003 176.3200378 0 0
 1004 185.5275574 0 0
 1005 181.8476257 0 0
 1006 180 0 0
 1007 207.2069702 0 0
 1008 185.640564 0 0
 1009 154.4671631 0 0
 1010 182.1476135 0 0
 1011 166.8424683 0 0
 1012 170.5376587 0 0
 1013 185.7823792 0 0
 1014 164.7553101 0 0
 1015 215.7036743 0 0
 1016 152.3442078 0 0
 1018 205.5328064 2 0
 104011 0 0 0
 1020 129.4724426 0 0
 1021 140.5275421 0 0
 1022 166.8778229 0 0
 1023 202.5260773 0 0
 1024 212.6711273 0 0
 1025 205.1559753 0 0
 1026 237.0470276 0 0
 1027 134.6668701 0 0
 1028 187.3751831 0 0
 1029 185.7470093 1 77
 1030 273.7153015 0 0
 1031 170.537674 0 0
 1032 151.5873413 0 0
 1033 206.5650482 0 0
 1034 122.1957397 0 0
 1035 228.6419067 0 0
 1036 187.3147278 0 0
 1037 172.6852722 0 0
 1038 180 0 0
 1039 168.3900909 0 0
 1040 191.6099091 0 0
 1041 170.7274017 0 0
 1042 189.2725983 0 0
 1043 189.1623535 0 0
 1044 168.6900635 2 182
 1045 116.2413635 0 0
 1046 231.8699951 0 0
 1047 197.671051 0 0
 1048 196.8374786 0 0
 1049 183.6214905 0 0
 1050 188.2671814 0 0
 1051 165.9637604 0 0
 1052 150.0653992 0 0
 1053 163.5374146 0 0
 1054 194.0362396 0 0
 1055 197.671051 0 0
 1056 176.3652039 0 0
 1057 171.9208832 0 0
 1058 168.1868591 0 0
 1059 203.5270691 0 0
 1060 206.2998047 0 0
 1061 180 0 0
 1062 153.7001953 0 0
 1063 185.5275421 0 0
 1064 168.6900635 0 0
 1065 193.157547 0 0
 1066 176.3047791 0 0
 1067 187.3751526 0 0
 1068 163.1625214 0 0
 1069 193.157547 0 0
 1070 187.3147278 0 0
 1071 182.147583 0 0
 1072 174.2176056 0 0
 1073 191.713913 0 0
 1074 168.286087 0 0
 1075 165.3101196 0 0
 1076 176.4379883 0 0
 1077 169.5257568 0 0
 1078 218.1300049 0 0
 1079 212.6711426 0 0
 1080 180 0 0
 1081 169.6322632 0 0
 1082 185.1626129 0 0
 1083 182.6025543 0 0
 1084 180 0 0
 1085 172.2348328 0 0
 1086 135.1705322 0 0
 1087 256.8223877 0 0
 1088 169.1647644 0 0
 1089 190.8352356 0 0
 1090 180 0 0
 1091 171.7176514 0 0
 1092 174.3594513 0 0
 1093 177.4603119 0 0
 1094 153.7998962 0 0
 1095 174.2072144 0 0
 1096 185.7927856 0 0
 1097 180 0 0
 1098 182.489563 0 0
 1099 185.6405487 0 0
 1100 185.1104126 0 0
 1101 177.4292603 0 0
 1102 182.5707397 0 0
 1103 192.9595947 0 0
 1104 182.5396881 0 0
 1105 183.0876465 0 0
 1106 176.9123535 0 0
 1107 177.4603119 0 0
 1108 174.8374023 0 0
 1109 182.5918732 0 0
 1110 185.1104126 0 0
 1111 241.2601929 0 0
 1112 177.5804901 0 0
 1113 179.0530396 0 0
 1114 174.0428772 0 0
 1115 171.9208832 0 0
 1116 178.4322968 0 0
 1117 181.5677032 0 0
 1118 176.3652039 0 0
 1119 172.6248474 0 0
 1120 170.537674 0 0
 1121 220.3645325 0 0
 1122 206.2502441 0 0
 1123 180 0 0
 1124 174.8896027 0 0
 1125 190.7509613 0 0
 1126 171.8197632 0 0
 1127 136.397171 0 0
 1128 197.40271 0 0
 1130 152.5339966 1 0
 1131 209.6730652 0 0
 1132 190.87677 0 0
 1133 210.9021912 0 0
 1134 198.5479736 0 0
 1135 172.2030029 0 0
 1136 116.9958496 0 0
 1137 197.6710205 0 0
 1138 183.6799622 0 0
 1139 181.8475952 0 0
 1140 170.8376465 0 0
 1141 183.6347961 0 0
 1142 191.0551147 0 0
 1143 176.3200684 0 0
 1144 176.3047791 0 0
 1145 170.5376587 0 0
 1146 162.2553406 0 0
 1147 171.8197632 0 0
 1148 205.9248962 0 0
 1149 185.7823792 0 0
 1150 174.2176208 0 0
 1151 185.7823792 0 0
 1152 183.6799622 0 0
 1153 191.0099182 0 0
 1154 185.769104 0 0
 1155 150.137146 0 0
 1156 185.7690735 0 0
 1157 194.6899109 0 0
 1158 197.6710205 0 0
 1159 174.0428772 0 0
 1160 136.193512 0 0
 1161 180 0 0
 1162 212.0925903 0 0
 1163 187.1968079 0 0
 1164 176.4379578 0 0
 1165 172.6853027 0 0
 1166 187.3146973 0 0
 1167 176.3652344 0 0
 1168 189.4038696 0 0
 1169 180 0 0
 1170 183.5035095 0 0
 1171 182.3373108 0 0
 1172 138.4555054 0 0
 1173 191.6098938 0 0
 1174 187.3147583 0 0
 1175 213.4551086 0 0
 1176 198.5869141 0 0
 1177 193.2405243 0 0
 1178 201.0375061 0 0
 1179 183.6799316 0 0
 1180 210.9022217 0 0
 1181 175.0909424 0 0
 1182 180 0 0
 1183 176.626709 0 0
 1184 182.4263306 0 0
 1185 175.2363586 0 0
 1186 196.2601929 0 0
 1187 190.3048401 0 0
 1188 185.1944275 0 0
 1189 177.4081268 0 0
 1190 185.1625977 0 0
 1191 185.6273346 0 0
 1192 180 0 0
 1193 182.5529022 0 0
 1194 182.489563 0 0
 1195 183.3664551 0 0
 1196 179.0530548 0 0
 1197 177.5804901 0 0
 1198 180 0 0
 1200 163.3930206 2 0
 1201 188.1980743 0 0
 1202 164.0049438 0 0
 1203 182.6025696 0 0
 1204 243.4349518 0 0
 1205 184.7636414 0 0
 1206 122.1062546 0 0
 1207 174.8895874 0 0
 1208 221.653183 0 0
 1209 166.842453 0 0
 1210 182.147583 0 0
 1211 162.59729 0 0
 1212 195.255127 0 0
 1213 170.537674 0 0
 1214 174.2071991 0 0
 1215 180 0 0
 1216 174.95755 0 0
 1217 156.3026733 0 0
 1218 169.4503784 0 0
 1219 182.4194946 0 0
 1220 185.0424805 0 0
 1221 185.6273193 0 0
 1222 180 0 0
 1223 182.5707397 0 0
 1224 180 0 0
 1225 177.4292603 0 0
 1226 182.5707397 0 0
 1227 182.5918579 0 0
 1228 182.6025696 0 0
 1229 180 0 0
 1230 158.1986084 0 0
 1231 169.5257874 0 0
 1232 169.1232605 0 0
 1233 187.3146973 0 0
 1234 199.8922729 0 0
 1235 152.7930298 0 0
 1236 196.5873108 0 0
 1237 146.6336365 0 0
 1238 229.6265869 0 0
 1239 185.1104126 0 0
 1240 160.9666748 0 0
 1241 161.0753784 0 0
 1242 146.5448608 0 0
 104021 0 0 0
 1244 193.0838013 0 0
 1245 180 0 0
 1246 180 0 0
 1247 164.6061401 0 0
 1248 180 0 0
 1249 199.0890808 0 0
 1250 172.6248474 1 56
 1251 203.9625092 0 0
 1252 167.0925751 0 0
 1253 172.6248474 0 0
 1254 170.537674 0 0
 1255 168.1113586 0 0
 1256 165.9637451 0 0
 1257 161.9299774 0 0
 1258 180 0 0
 1259 171.8699036 0 0
 1260 188.1300964 0 0
 1261 187.7022858 0 0
 1262 187.7970123 0 0
 1263 172.2029877 0 0
 1264 172.2977142 0 0
 1265 180 0 0
 1266 180 0 0
 1267 176.9123535 0 0
 1268 180 0 0
 1269 183.0876465 0 0
 1270 185.1104279 0 0
 1271 187.7969971 2 203
 1272 180 0 0
 1273 169.6322632 0 0
 1274 177.4603119 0 0
 1275 182.5396881 0 0
 1276 198.0700073 0 0
 1277 183.0876617 0 0
 1278 171.8019409 0 0
 1279 182.5707245 0 0
 1280 180 0 0
 1281 167.0404053 0 0
 1282 160.9666901 0 0
 1283 176.4691925 0 0
 1284 162.7585449 0 0
 1285 185.5275421 0 0
 1286 187.1968079 0 0
 1287 193.8406982 0 0
 1288 161.0295868 0 0
 1289 190.8403168 0 0
 1290 190.6196442 0 0
 1291 177.5104523 0 0
 1292 182.4895477 0 0
 1293 185.6405487 0 0
 1294 174.3594513 0 0
 1295 183.1411438 0 0
 1296 179.4117584 0 0
 1297 211.8274536 0 0
 1298 180 0 0
 1299 145.6196442 0 0
 1300 182.5529022 0 0
 1301 174.95755 0 0
 1302 180 0 0
 1303 171.8699036 0 0
 1304 180 0 0
 1305 188.1300964 0 0
 1306 185.04245 0 0
 1307 171.5910797 0 0
 1308 180 0 0
 1309 188.4089203 0 0
 1310 157.5548401 0 0
 1311 172.6852722 0 0
 1312 180 0 0
 1313 178.1523895 0 0
 1314 185.5275421 0 0
 1315 172.6248474 0 0
 1316 166.9161987 0 0
 1317 180 0 0
 1318 189.4039001 0 0
 1319 187.3751373 0 0
 1320 180 0 0
 1321 176.3047791 0 0
 1322 187.3751526 0 0
 1323 176.3200684 0 0
 1324 190.8767395 0 0
 1325 172.8031921 0 0
 1326 183.6347961 0 0
 1327 168.9900513 0 0
 1328 193.157547 0 0
 1329 189.462326 0 0
 1330 217.6202393 0 0
 1331 180 0 0
 1332 182.5529022 0 0
 1333 185.8560181 0 0
 1334 185.9571075 0 0
 1335 237.0470428 0 0
 1336 182.5918884 0 0
 1337 180 0 0
 1338 182.6025391 0 0
 1339 129.4724579 0 0
 1340 172.8031921 0 0
 1341 190.8767395 0 0
 1342 131.653183 0 0
 1343 166.7594757 0 0
 1344 182.4895477 0 0
 1345 188.1802368 0 0
 1346 180 0 0
 1347 185.1625977 0 0
 1348 222.0750275 0 0
 1349 174.2176056 0 0
 1350 196.8374786 0 0
 1351 168.9449158 0 0
 1352 180 0 0
 1353 183.6799316 0 0
 1354 205.9931488 0 0
 1355 245.8544617 0 0
 1356 147.8042603 0 0
 1357 146.3412781 0 0
 1358 190.5496216 0 0
 1359 182.5396729 0 0
 1360 182.5707397 0 0
 1361 198.5869141 0 0
 1362 196.6760864 0 0
 1363 196.7790527 0 0
 1364 168.9900208 0 0
 1365 183.6347961 0 0
 1366 167.0925903 0 0
 1367 187.1250305 0 0
 1368 209.744873 0 0
 1369 174.2894287 0 0
 1370 185.7105713 0 0
 1371 180 0 0
 1372 172.875 0 0
 1373 195.2550964 0 0
 1374 185.0424805 0 0
 1375 185.6273193 0 0
 1376 177.4603271 0 0
 1377 185.1104126 0 0
 1378 182.5918579 0 0
 1379 182.6025696 0 0
 1380 174.805542 0 0
 1381 182.5918579 0 0
 1382 177.4081421 0 0
 1383 180 0 0
 1384 171.8019409 0 0
 1385 171.5910645 0 0
 1386 151.2738647 0 0
 1387 180 0 0
 1388 168.2861023 0 0
 1389 174.0428772 0 0
 1390 171.5910645 0 0
 1391 171.8019409 0 0
 1392 174.8055725 0 0
 1393 140.5275421 0 0
 1394 168.9449158 0 0
 1395 202.7689972 0 0
 1396 191.8131409 0 0
 1397 188.1802368 0 0
 1398 187.7651672 0 0
 1399 177.3974609 0 0
 1400 182.6025391 0 0
 1401 180 0 0
 1402 180 0 0
 1403 215.8376465 0 0
 1404 220.7698669 0 0
 1405 174.9575195 0 0
 1406 158.9625244 0 0
 1407 89.99998474 0 0
 1408 165.3101044 0 0
 1409 187.314743 0 0
 1410 136.8476105 0 0
 1411 125.8376541 0 0
 1412 174.2309265 0 0
 1413 176.49646 0 0
 1414 207.59729 0 0
 1415 180 0 0
 1416 188.0791168 0 0
 1417 171.9208832 0 0
 1418 183.5620117 0 0
 1419 188.0479126 0 0
 1420 174.1591644 0 0
 1421 183.5035248 0 0
 1422 159.7174377 0 0
 1423 187.3751526 0 0
 1424 161.7481079 0 0
 1425 175.4829102 0 0
 1426 170.6764069 0 0
 1427 166.759491 0 0
 1428 172.2030029 0 0
 1429 174.8373871 0 0
 1430 182.5707397 0 0
 1431 177.4292603 0 0
 1432 166.9107056 0 0
 1433 170.7858887 0 0
 1434 204.8741455 0 0
 1435 245.1258545 0 0
 1436 196.6760712 0 0
 1437 195.9950714 0 0
 1438 229.9920654 0 0
 1439 209.6401978 0 0
 1440 201.1576538 0 0
 1441 185.0424805 0 0
 1442 185.7927856 0 0
 1443 174.2072144 0 0
 1444 206.565033 0 0
 1445 206.565033 0 0
 1446 171.8699036 0 0
 1447 176.4964905 0 0
 1448 180 0 0
 1449 174.230896 0 0
 1450 176.3652344 0 0
 1451 174.4724426 0 0
 1452 170.8376465 0 0
 1453 191.0099792 0 0
 1454 163.2209473 0 0
 1455 162.7356873 0 0
 1456 172.3901672 0 0
 1458 183.3664703 1 0
 1459 176.6335297 0 0
 1460 182.4194946 0 0
 1461 172.5380554 0 0
 1462 185.04245 0 0
 1463 185.7928009 0 0
 1464 176.6266937 0 0
 1465 177.5805054 0 0
 1466 174.95755 0 0
 1467 182.5529022 0 0
 1468 180 0 0
 1469 174.359436 0 0
 1470 193.9229126 0 0
 1471 174.2071991 0 0
 1472 171.8698883 0 0
 1473 180 0 0
 1474 191.496582 0 0
 1475 168.503418 0 0
 1476 191.496582 0 0
 1477 180 0 0
 1478 184.7636261 0 0
 1479 185.7106018 0 0
 1480 190.8767395 0 0
 1481 161.0753632 0 0
 1482 195.2447052 0 0
 1483 206.2998047 0 0
 1484 170.5376587 0 0
 1485 191.8886566 0 0
 1486 165.9637604 0 0
 1487 158.1133118 0 0
 1488 177.7929382 0 0
 1489 185.7690582 0 0
 1490 174.2309418 0 0
 1491 189.4038696 0 0
 1492 180 0 0
 1493 180 0 0
 1494 183.6799316 0 0
 1495 183.6952209 0 0
 1496 168.990036 0 0
 1497 183.6348114 0 0
 1498 180 0 0
 1499 198.2518921 0 0
 1500 167.27565 0 0
 1501 181.8476105 0 0
 1502 157.3801422 0 0
 1503 189.4623108 0 0
 1504 170.5376892 0 0
 1505 235.4674072 0 0
 1506 185.1104126 0 0
 1507 192.9595947 0 0
 1508 185.6273193 0 0
 1509 171.8019409 0 0
 1510 190.7509766 0 0
 1511 182.489563 0 0
 1512 166.7594604 0 0
 1513 177.4081421 0 0
 1514 187.7022705 0 0
 1515 185.640564 0 0
 1516 185.8560181 0 0
 1517 180 0 0
 1518 174.1439819 0 0
 1519 174.359436 0 0
 1520 169.6951599 0 0
 1521 169.6951599 0 0
 1522 150.8323822 0 0
 1523 206.0799713 0 0
 1524 163.3239288 0 0
 1525 166.9161682 0 0
 1526 198.9246521 0 0
 1527 182.4263153 0 0
 1528 217.7468262 0 0
 1529 210.9022217 0 0
 1530 159.7174072 0 0
 1531 189.2726135 0 0
 1532 209.9346008 0 0
 1533 190.8352661 0 0
 1535 182.3373108 2 0
 1536 259.3803711 0 0
 1537 148.1091919 0 0
 1538 174.1439819 0 0
 1539 199.1988525 0 0
 1540 218.4402161 0 0
 104021 0 0 0
 1542 160.1077423 0 0
 1543 158.8601685 0 0
 1544 138.346817 0 0
 1545 169.1232605 0 0
 1546 194.5719604 0 0
 1547 154.0068359 0 0
 1548 191.4211884 0 0
 1549 224.3318634 0 0
 1550 159.7024231 0 0
 1551 181.4144135 0 0
 1552 161.7481079 1 84
 1553 148.2927094 0 0
 1554 174.8374023 0 0
 1555 164.0049438 0 0
 1556 161.1168518 0 0
 1557 172.8031921 0 0
 1558 183.6347656 0 0
 1559 172.6853027 0 0
 1560 212.8475342 0 0
 1561 192.9074097 0 0
 1562 156.5429688 0 0
 1563 174.2893982 0 0
 1564 176.4964905 0 0
 1565 165.068573 0 0
 1566 165.068573 0 0
 1567 183.6214905 0 0
 1568 185.7823792 0 0
 1569 194.6898804 0 0
 1570 176.3652344 0 0
 1571 172.6248474 0 0
 1572 191.0099182 0 0
 1573 158.1133118 0 0
 1574 158.0292053 0 0
 1575 190.5496216 0 0
 1576 213.3078613 0 0
 1577 210.6432495 0 0
 1578 185.1944275 0 0
 1579 155.7722168 0 0
 1580 183.373291 0 0
 1581 182.4194946 0 0
 1582 190.6697998 0 0
 1583 190.3677368 0 0
 1584 169.6322632 0 0
 1585 171.8197632 0 0
 1586 182.5529175 0 0
 1587 139.2301331 0 0
 1588 168.3901062 0 0
 1589 191.6098938 0 0
 1590 209.9346008 2 350
 1591 116.8303223 0 0
 1592 220.5498352 0 0
 1593 187.3751526 0 0
 1594 176.3200684 0 0
 1595 163.2209473 0 0
 1596 237.3288574 0 0
 1597 164.1676025 0 0
 1598 193.2405396 0 0
 1599 163.3930054 0 0
 1600 191.496582 0 0
 1601 162.5462952 0 0
 1602 174.0684814 0 0
 1603 177.8523865 0 0
 1604 189.2726135 0 0
 1605 167.0926208 0 0
 1606 189.4038696 0 0
 1607 196.6760864 0 0
 1608 174.9575195 0 0
 1609 176.6335449 0 0
 1610 164.3960571 0 0
 1611 172.405365 0 0
 1612 181.8476257 0 0
 1613 225.7549438 0 0
 1614 177.3974304 0 0
 1615 174.805542 0 0
 1616 180 0 0
 1617 174.8895874 0 0
 1618 180 0 0
 1619 182.5396729 0 0
 1620 185.1625977 0 0
 1621 161.7481079 0 0
 1622 184.9090576 0 0
 1623 190.7509766 0 0
 1624 177.4292603 0 0
 1625 185.1625977 0 0
 1626 180 0 0
 1627 190.3677368 0 0
 1628 185.6273346 0 0
 1629 182.5529022 0 0
 1630 174.3594513 0 0
 1631 174.8895874 0 0
 1632 138.9678955 0 0
 1633 185.769104 0 0
 1634 180 0 0
 1635 185.8408203 0 0
 1636 185.7927856 0 0
 1637 147.9074097 0 0
 1638 187.3751831 0 0
 1639 207.2069702 0 0
 1640 185.640564 0 0
 1641 182.5396729 0 0
 1642 230.9175415 0 0
 1643 208.4126587 0 0
 1644 158.9624939 0 0
 1645 191.713913 0 0
 1646 181.1934967 0 0
 1647 180 0 0
 1648 180 0 0
 1649 167.0925903 0 0
 1650 137.2376251 0 0
 1651 174.8374023 0 0
 1652 193.3428345 0 0
 1653 180 0 0
 1654 171.8197632 0 0
 1655 174.8374023 0 0
 1656 187.7022858 0 0
 1657 185.6405487 0 0
 1658 171.8197632 0 0
 1659 180 0 0
 1660 185.6273346 0 0
 1661 180 0 0
 1662 169.2100677 0 0
 1663 174.7948608 0 0
 1664 182.6025696 0 0
 1665 251.5650482 0 0
 1666 108.4349518 0 0
 1667 180 0 0
 1668 187.7651672 0 0
 1669 185.6273346 0 0
 1670 185.04245 0 0
 1671 180 0 0
 1672 158.9625244 0 0
 1673 198.5479736 0 0
 1674 188.2823486 0 0
 1675 163.5374146 0 0
 1676 185.6273346 0 0
 1677 171.8019257 0 0
 1678 138.9678955 0 0
 1679 194.9832153 0 0
 1680 200.8544617 0 0
 1681 234.1623535 0 0
 1682 165.3101044 0 0
 1683 156.4729309 0 0
 1684 190.6196594 0 0
 1685 192.9074097 0 0
 1686 167.0925903 0 0
 1687 171.8699036 0 0
 1688 182.4195099 0 0
 1689 172.5380402 0 0
 1690 156.3026733 0 0
 1691 150.8323975 0 0
 1692 189.4038696 0 0
 1693 189.2141113 0 0
 1694 187.4619751 0 0
 1695 183.0876465 0 0
 1696 185.1104126 0 0
 1697 182.5918579 0 0
 1698 182.6025696 0 0
 1699 182.6025696 0 0
 1700 201.6251831 0 0
 1701 202.619873 0 0
 1702 180 0 0
 1703 172.6248474 0 0
 1704 194.6898956 0 0
 1705 194.9831848 0 0
 1706 190.5496216 0 0
 1707 166.0771027 0 0
 1708 190.8352509 0 0
 1709 157.5548401 0 0
 1710 191.6099091 0 0
 1711 157.380127 0 0
 1712 191.009964 0 0
 1713 165.3101044 0 0
 1714 185.5275421 0 0
 1715 165.0685883 0 0
 1716 152.5339813 3 1232
 1717 203.9624939 0 0
 1718 192.9074097 0 0
 1719 180 0 0
 1720 191.0550842 0 0
 1721 174.4724579 0 0
 1722 189.1623535 0 0
 1723 172.6852722 0 0
 1724 189.462326 0 0
 1725 185.9315186 0 0
 1726 218.063385 0 0
 1727 147.8937378 0 0
 1728 199.1988525 0 0
 1729 164.1676025 0 0
 1730 176.6335449 0 0
 1731 133.6028137 0 0
 1732 212.3609467 0 0
 1733 208.0724792 0 0
 1734 227.2376404 0 0
 1735 164.7552643 0 0
 1736 166.0771179 0 0
 1737 191.4965515 0 0
 1738 227.3441315 0 0
 1739 168.5788116 0 0
 1740 188.0479126 0 0
 1741 168.3900757 0 0
 1742 161.6753235 0 0
 1743 183.6348267 0 0
 1744 170.5960999 0 0
 1745 182.2070618 0 0
 1746 168.5788269 0 0
 1747 175.0909424 0 0
 1748 191.8131409 0 0
 1749 188.0791016 0 0
 1750 180 0 0
 1751 183.6348267 0 0
 1752 176.3651733 0 0
 1754 154.0751038 1 0
 1755 174.8374023 0 0
 1756 195.8323975 0 0
 1757 166.759491 0 0
 1758 193.240509 0 0
 1759 171.8699036 0 0
 1760 199.7637329 0 0
 1761 170.7858887 0 0
 1762 189.2141113 0 0
 1763 204.09375 0 0
 1764 147.6390686 0 0
 1765 180 0 0
 1766 179.0530548 0 0
 1767 177.5804901 0 0
 1768 195.2551117 0 0
 1769 196.8374786 0 0
 1770 174.4724579 0 0
 1771 185.5275421 0 0
 1772 176.3200684 0 0
 1773 201.3509674 0 0
 1774 168.1113586 0 0
 1775 153.7586365 0 0
 1776 207.6557617 0 0
 1778 123.3078613 2 0
 1779 165.3101196 0 0
 1780 233.130127 0 0
 1781 158.9624634 0 0
 1782 193.2405396 0 0
 1783 182.5918579 0 0
 1784 182.6025696 0 0
 1785 180 0 0
 1786 180 0 0
 1787 177.3974609 0 0
 1788 174.8374023 0 0
 1789 227.2376099 0 0
 1790 208.7261353 0 0
 1791 154.9537964 0 0
 1792 163.4126587 0 0
 1794 178.8065033 3 0
 1795 175.2363586 0 0
 1796 180 0 0
 1797 133.9708252 0 0
 1798 176.4692078 0 0
 1799 279.3236084 0 0
 1800 74.74487305 0 0
 1801 163.1625061 0 0
 1802 174.2176208 0 0
 1803 170.5376892 0 0
 1804 195.2446899 0 0
 1805 180 0 0
 1806 230.5275574 0 0
 1807 136.8476257 0 0
 1808 193.0838013 0 0
 1809 147.8271179 0 0
 1810 182.3100281 0 0
 1811 180 0 0
 1812 185.7690735 0 0
 1813 187.3147583 0 0
 1814 172.6852417 0 0
 1815 176.4379883 0 0
 1816 192.7243652 0 0
 1817 170.8376465 0 0
 1818 187.3147583 0 0
 1819 193.1575317 0 0
 1820 249.52771 0 0
 1821 168.3900909 0 0
 1822 139.8268433 0 0
 1823 180 0 0
 1824 175.0909424 0 0
 1825 179.0530396 0 0
 1826 177.5736694 0 0
 1827 180 0 0
 1828 177.6626892 0 0
 1829 159.7174683 0 0
 1830 202.6198425 0 0
 1831 185.7927856 0 0
 1832 188.130127 0 0
 1833 182.5396729 0 0
 1834 195.5303345 0 0
 1835 188.1802368 0 0
 1836 185.8560181 0 0
 1837 86.63354492 0 0
 1838 166.7594604 0 0
 1839 177.4081421 0 0
 1840 177.3974304 0 0
 1841 239.931427 0 0
 1842 207.4660034 0 0
 1843 190.3677368 0 0
 1844 169.6322632 0 0
 1845 182.6025696 0 0
 1846 177.3974609 0 0
 1847 180 0 0
 1848 201.0375061 0 0
 1849 174.95755 0 0
 1850 176.9123535 0 0
 1851 177.4603271 0 0
 1852 158.8423462 0 0
 1853 190.789917 0 0
 1854 180 0 0
 1855 180 0 0
 1856 190.3677368 0 0
 1857 198.799881 0 0
 1858 156.0375061 0 0
 1859 216.8699036 0 0
 1860 167.0925903 0 0
 1861 181.1934967 0 0
 1862 182.3100433 0 0
 1863 168.3663635 0 0
 1864 174.3693237 0 0
 1865 177.5005798 0 0
 1866 193.9228973 0 0
 1867 180 0 0
 1868 166.0771027 0 0
 1869 183.0876465 0 0
 1870 166.6074982 0 0
 1871 172.2348633 0 0
 1872 182.5707397 0 0
 1873 185.1944275 0 0
 1874 185.1944275 0 0
 1875 188.1980743 0 0
 1876 194.3660431 0 0
 1877 195.3938446 0 0
 1878 187.3751526 0 0
 1879 172.6248474 0 0
 1880 202.619873 0 0
 1881 185.7927856 0 0
 1882 180 0 0
 1883 182.489563 0 0
 1884 180 0 0
 1885 182.5529022 0 0
 1886 180 0 0
 1887 177.4470978 0 0
 1888 255.8768311 0 0
 1889 138.5035248 0 0
 1890 166.759491 0 0
 1891 177.4081268 0 0
 1892 187.7022858 0 0
